0
0
0
0
0
0
0
0
0
0
0
0
0
0
0
0
0
0
0
0
0
0
0
0
0
0
0
0
0
0
0
2.8026e-45
8.40779e-45
2.24208e-44
5.88545e-44
1.49939e-43
3.75548e-43
9.3887e-43
2.33176e-42
5.76494e-42
1.41811e-41
3.47144e-41
8.45712e-41
2.05046e-40
4.94758e-40
1.1881e-39
2.83948e-39
6.75385e-39
1.59881e-38
3.76685e-38
8.83284e-38
2.06142e-37
4.7883e-37
1.107e-36
2.54725e-36
5.83386e-36
1.32985e-35
3.01731e-35
6.81408e-35
1.53169e-34
3.42699e-34
7.632e-34
1.69181e-33
3.73296e-33
8.1988e-33
1.79244e-32
3.90068e-32
8.44969e-32
1.822e-31
3.91084e-31
8.35614e-31
1.7773e-30
3.76302e-30
7.9312e-30
1.66406e-29
3.47562e-29
7.22656e-29
1.49578e-28
3.08211e-28
6.32227e-28
1.29106e-27
2.62465e-27
5.3119e-27
1.07026e-26
2.14677e-26
4.28695e-26
8.52273e-26
1.68686e-25
3.32393e-25
6.52081e-25
1.27359e-24
2.47652e-24
4.79443e-24
9.24104e-24
1.77336e-23
3.38816e-23
6.4451e-23
1.22066e-22
2.30176e-22
4.32148e-22
8.07815e-22
1.5035e-21
2.78616e-21
5.14073e-21
9.44414e-21
1.72751e-20
3.14633e-20
5.70577e-20
1.03027e-19
1.85235e-19
3.31611e-19
5.91113e-19
1.04919e-18
1.85428e-18
3.2632e-18
5.71819e-18
9.97754e-18
1.73356e-17
2.99924e-17
5.167e-17
8.86392e-17
1.51417e-16
2.57566e-16
4.36283e-16
7.35896e-16
1.23605e-15
2.06742e-15
3.44349e-15
5.71146e-15
9.43355e-15
1.55162e-14
2.54146e-14
4.1454e-14
6.73349e-14
1.08919e-13
1.75455e-13
2.81463e-13
4.49653e-13
7.15374e-13
1.13342e-12
1.78837e-12
2.81015e-12
4.39756e-12
6.85341e-12
1.06369e-11
1.64414e-11
2.53095e-11
3.88015e-11
5.92428e-11
9.00841e-11
1.36423e-10
2.05759e-10
3.09072e-10
4.62375e-10
6.88914e-10
1.02229e-09
1.51086e-09
2.22391e-09
3.26027e-09
4.76034e-09
6.92264e-09
1.00267e-08
1.44642e-08
2.07821e-08
2.974e-08
4.23891e-08
6.01768e-08
8.50881e-08
1.19833e-07
1.68094e-07
2.34856e-07
3.26831e-07
4.53024e-07
6.25459e-07
8.60117e-07
1.17815e-06
1.60741e-06
2.18446e-06
2.957e-06
3.98705e-06
5.35487e-06
7.16381e-06
9.54643e-06
1.26719e-05
1.67552e-05
2.20681e-05
2.8953e-05
3.78387e-05
4.92604e-05
6.38822e-05
8.2525e-05
0.000106198
0.000136138
0.00017385
0.00022116
0.000280271
0.000353828
0.000444993
0.000557525
0.000695871
0.000865268
0.00107185
0.00132276
0.0016263
0.00199201
0.00243087
0.00295538
0.00357974
0.00431997
0.00519407
0.00622207
0.00742625
0.00883111
0.0104636
0.0123528
0.0145306
0.0170307
0.0198896
0.0231456
0.0268389
0.0310116
0.035707
0.0409693
0.0468436
0.0533748
0.0606071
0.068584
0.0773469
0.0869347
0.0973832
0.108724
0.120985
0.134186
0.148345
0.163468
0.179559
0.196609
0.214605
0.233523
0.25333
0.273986
0.295442
0.317639
0.340511
0.363986
0.387982
0.412413
0.437189
0.462213
0.487387
0.512612
0.537787
0.562811
0.587587
0.612018
0.636014
0.659489
0.682361
0.704558
0.726014
0.74667
0.766478
0.785395
0.803391
0.820441
0.836532
0.851655
0.865814
0.879015
0.891276
0.902617
0.913065
0.922653
0.931416
0.939393
0.946625
0.953156
0.959031
0.964293
0.968989
0.973161
0.976855
0.980111
0.98297
0.98547
0.987647
0.989537
0.991169
0.992574
0.993778
0.994806
0.99568
0.996421
0.997045
0.997569
0.998008
0.998374
0.998677
0.998928
0.999135
0.999305
0.999443
0.999555
0.999647
0.99972
0.999779
0.999827
0.999864
0.999894
0.999918
0.999937
0.999951
0.999963
0.999971
0.999978
0.999984
0.999988
0.999991
0.999993
0.999995
0.999996
0.999997
0.999998
0.999999
0.999999
1
1
1
1
1
1
1
1
1
1
1
1
1
1
1
1
1
1
1
1
1
1
1
1
1
1
1
1
1
1
1
1
1
1
1
1
1
1
1
1
1
1
1
1
1
1
1
1
1
1
1
1
1
1
1
1
1
1
1
1
1
1
1
1
1
1
1
1
1
1
1
1
1
1
1
1
1
1
1
1
1
1
1
1
1
1
1
1
1
1
1
1
1
1
1
1
1
1
1
1
1
1
1
1
1
1
1
1
1
1
1
1
1
1
1
1
1
1
1
1
1
1
1
1
1
1
1
1
1
1
1
1
1
1
1
1
1
1
1
1
1
1
1
1
1
1
1
1
1
1
1
1
1
1
1
1
1
1
1
1
1
1
1
1
1
1
1
1
1
1
1
1
1
1
1
